<?xml version="1.0"?>
<opencv_storage>
<w2cM type_id="opencv-matrix">
  <rows>32768</rows>
  <cols>1</cols>
  <dt>i</dt>
  <data>
    0 0 0 0 2 8 8 8 8 8 8 8 8 8 8 8 8 8 8 8 8 8 8 8 8 8 8 8 8 8 8 8 0 0
    0 0 2 8 8 8 8 8 8 8 8 8 8 8 8 8 8 8 8 8 8 8 8 8 8 8 8 8 8 8 4 4 0 0
    2 2 2 8 8 8 8 8 8 8 8 8 8 8 8 8 8 8 8 8 8 8 8 8 8 8 8 5 4 4 4 4 2 2
    2 2 2 2 8 8 8 8 8 8 8 8 8 8 8 8 8 8 8 8 8 5 5 5 5 5 4 4 4 4 4 2 2 2
    2 2 2 2 5 5 5 5 5 5 5 5 8 8 5 5 5 5 5 5 5 5 5 5 4 4 4 4 4 4 4 2 2 2
    2 2 5 5 5 5 5 5 5 5 5 5 5 5 5 5 5 5 5 5 5 5 4 4 4 4 4 4 4 4 2 2 2 2
    2 5 5 5 5 5 5 5 5 5 5 5 5 5 5 5 5 5 5 5 4 4 4 4 4 4 4 4 4 10 2 2 2 2
    5 5 5 5 5 5 5 5 5 5 5 5 5 5 5 5 5 5 4 4 4 4 4 4 4 4 4 4 10 10 2 2 2
    5 5 5 5 5 5 5 5 5 5 5 5 5 5 5 5 5 4 4 4 4 4 4 4 4 4 4 10 10 10 10 2
    2 5 5 5 5 5 5 5 5 5 5 5 5 5 5 5 5 4 4 4 4 4 4 4 4 4 4 10 10 10 10 10
    10 10 5 5 5 5 5 5 5 5 5 5 5 5 5 5 5 4 4 4 4 4 4 4 4 4 4 4 10 10 10
    10 10 10 10 5 5 5 5 5 5 5 5 5 5 5 5 5 5 4 4 4 4 4 4 4 4 4 4 4 4 10
    10 10 10 10 10 10 10 5 5 5 5 5 5 5 5 5 5 5 5 4 4 4 4 4 4 4 4 4 4 4 4
    4 10 10 10 10 10 10 10 10 5 5 5 5 5 5 5 5 5 5 5 4 4 4 4 4 4 4 4 4 4
    4 4 4 10 10 10 10 10 10 10 10 10 5 5 5 5 5 5 5 5 5 5 4 4 4 4 4 4 4 4
    4 4 4 4 4 4 10 10 10 10 10 10 10 10 10 10 5 5 5 5 5 5 5 5 4 4 4 4 4
    4 4 4 4 4 4 4 4 4 4 10 10 10 10 10 10 10 10 10 10 5 5 5 5 5 5 5 4 4
    4 4 4 4 4 4 4 4 4 4 4 4 4 4 10 10 10 10 10 10 10 10 10 10 10 5 5 5 5
    5 4 4 4 4 4 4 4 4 4 4 4 4 4 4 4 4 10 10 10 10 10 10 10 10 10 10 10
    10 5 5 5 5 4 4 4 4 4 4 4 4 4 4 4 4 4 4 4 4 4 10 10 10 10 10 10 10 10
    10 10 10 10 5 5 5 4 4 4 4 4 4 4 4 4 4 4 4 4 4 4 4 4 10 10 10 10 10
    10 10 10 10 10 10 10 10 5 5 4 4 4 4 4 4 4 4 4 4 4 4 4 4 4 4 4 4 10
    10 10 10 10 10 10 10 10 10 10 10 10 5 4 4 4 4 4 4 4 4 4 4 4 4 4 4 4
    4 4 4 10 10 10 10 10 10 10 10 10 10 10 10 10 10 4 4 4 4 4 4 4 4 4 4
    4 4 4 4 4 4 4 4 4 10 10 10 10 10 10 10 10 10 10 10 10 10 4 4 4 4 4 4
    4 4 4 4 4 4 4 4 4 4 4 4 10 10 10 10 10 10 10 10 10 10 10 10 10 10 4
    4 4 4 4 4 4 4 4 4 4 4 4 4 4 4 4 4 10 10 10 10 10 10 10 10 10 10 10
    10 10 10 4 4 4 4 4 4 4 4 4 4 4 4 4 4 4 4 4 4 4 10 10 10 10 10 10 10
    10 10 10 10 10 10 4 4 4 4 4 4 4 4 4 4 4 4 4 4 4 4 4 4 4 4 4 10 10 10
    10 10 10 10 10 10 10 10 4 4 4 4 4 4 4 4 4 4 4 4 4 4 4 4 4 4 4 4 4 4
    10 10 10 10 10 10 10 10 10 10 4 4 4 4 4 4 4 4 4 4 4 4 4 4 4 4 4 4 4
    4 4 4 4 10 10 10 10 10 10 10 10 10 4 4 4 4 4 4 4 4 4 4 4 4 4 4 4 4 4
    4 4 4 4 4 4 10 10 10 10 10 10 10 10 10 4 4 4 4 4 4 4 4 4 4 4 4 4 4 4
    4 4 4 4 4 4 4 4 4 10 10 10 10 10 10 10 10 0 0 0 0 8 8 8 8 8 8 8 8 8
    8 8 8 8 8 8 8 8 8 8 8 8 8 8 8 8 8 8 8 0 0 0 0 2 8 8 8 8 8 8 8 8 8 8
    8 8 8 8 8 8 8 8 8 8 8 8 8 8 8 8 8 0 0 0 0 2 2 2 8 8 8 8 8 8 8 8 8 8
    8 8 8 8 8 8 8 8 8 8 8 8 8 8 8 4 4 4 0 2 2 2 2 2 2 8 8 8 8 8 8 8 8 8
    8 8 8 8 8 8 8 8 8 8 8 8 8 4 4 4 4 4 2 2 2 2 2 2 2 5 5 5 8 8 8 8 8 8
    8 8 8 8 8 8 5 5 5 5 5 4 4 4 4 4 4 4 2 2 2 2 2 2 5 5 5 5 5 5 5 5 5 5
    5 5 5 5 5 5 5 5 5 4 4 4 4 4 4 4 4 2 2 2 2 2 5 5 5 5 5 5 5 5 5 5 5 5
    5 5 5 5 5 5 5 4 4 4 4 4 4 4 4 4 4 2 2 2 2 5 5 5 5 5 5 5 5 5 5 5 5 5
    5 5 5 5 5 4 4 4 4 4 4 4 4 4 4 10 10 2 2 2 5 5 5 5 5 5 5 5 5 5 5 5 5
    5 5 5 5 4 4 4 4 4 4 4 4 4 4 4 10 10 10 2 2 5 5 5 5 5 5 5 5 5 5 5 5 5
    5 5 5 4 4 4 4 4 4 4 4 4 4 4 10 10 10 10 2 2 5 5 5 5 5 5 5 5 5 5 5 5
    5 5 5 4 4 4 4 4 4 4 4 4 4 4 10 10 10 10 10 10 10 5 5 5 5 5 5 5 5 5 5
    5 5 5 5 4 4 4 4 4 4 4 4 4 4 4 4 10 10 10 10 10 10 10 10 5 5 5 5 5 5
    5 5 5 5 5 5 4 4 4 4 4 4 4 4 4 4 4 4 4 10 10 10 10 10 10 10 10 5 5 5
    5 5 5 5 5 5 5 5 4 4 4 4 4 4 4 4 4 4 4 4 4 4 10 10 10 10 10 10 10 10
    5 5 5 5 5 5 5 5 5 5 4 4 4 4 4 4 4 4 4 4 4 4 4 4 10 10 10 10 10 10 10
    10 10 10 5 5 5 5 5 5 5 5 4 4 4 4 4 4 4 4 4 4 4 4 4 4 4 10 10 10 10
    10 10 10 10 10 10 5 5 5 5 5 5 5 4 4 4 4 4 4 4 4 4 4 4 4 4 4 4 4 10
    10 10 10 10 10 10 10 10 10 5 5 5 5 5 5 4 4 4 4 4 4 4 4 4 4 4 4 4 4 4
    4 4 10 10 10 10 10 10 10 10 10 10 10 5 5 5 5 4 4 4 4 4 4 4 4 4 4 4 4
    4 4 4 4 4 10 10 10 10 10 10 10 10 10 10 10 10 5 5 5 4 4 4 4 4 4 4 4
    4 4 4 4 4 4 4 4 4 4 10 10 10 10 10 10 10 10 10 10 10 10 5 5 4 4 4 4
    4 4 4 4 4 4 4 4 4 4 4 4 4 4 10 10 10 10 10 10 10 10 10 10 10 10 10 5
    4 4 4 4 4 4 4 4 4 4 4 4 4 4 4 4 4 4 4 10 10 10 10 10 10 10 10 10 10
    10 10 10 4 4 4 4 4 4 4 4 4 4 4 4 4 4 4 4 4 4 4 10 10 10 10 10 10 10
    10 10 10 10 10 10 4 4 4 4 4 4 4 4 4 4 4 4 4 4 4 4 4 4 10 10 10 10 10
    10 10 10 10 10 10 10 10 10 4 4 4 4 4 4 4 4 4 4 4 4 4 4 4 4 4 4 10 10
    10 10 10 10 10 10 10 10 10 10 10 10 4 4 4 4 4 4 4 4 4 4 4 4 4 4 4 4
    4 4 4 10 10 10 10 10 10 10 10 10 10 10 10 10 4 4 4 4 4 4 4 4 4 4 4 4
    4 4 4 4 4 4 4 4 4 10 10 10 10 10 10 10 10 10 10 10 4 4 4 4 4 4 4 4 4
    4 4 4 4 4 4 4 4 4 4 4 4 4 10 10 10 10 10 10 10 10 10 10 4 4 4 4 4 4
    4 4 4 4 4 4 4 4 4 4 4 4 4 4 4 4 4 10 10 10 10 10 10 10 10 10 4 4 4 4
    4 4 4 4 4 4 4 4 4 4 4 4 4 4 4 4 4 4 4 10 10 10 10 10 10 10 10 10 4 4
    4 4 4 4 4 4 4 4 4 4 4 4 4 4 4 4 4 4 4 4 4 4 10 10 10 10 10 10 10 10
    0 0 0 0 7 7 8 8 8 8 8 8 8 8 8 8 8 8 8 8 8 8 8 8 8 8 8 8 8 8 8 8 0 0
    0 0 7 8 8 8 8 8 8 8 8 8 8 8 8 8 8 8 8 8 8 8 8 8 8 8 8 8 8 8 0 0 0 0
    0 2 8 8 8 8 8 8 8 8 8 8 8 8 8 8 8 8 8 8 8 8 8 8 8 8 8 8 0 0 0 0 0 2
    2 2 2 8 8 8 8 8 8 8 8 8 8 8 8 8 8 8 8 8 8 8 8 8 8 8 4 4 4 4 4 2 2 2
    2 2 2 8 8 8 8 8 8 8 8 8 8 8 8 8 8 8 8 8 8 8 8 8 4 4 4 4 4 4 2 2 2 2
    2 2 2 5 5 5 5 8 5 5 5 8 8 8 8 8 8 8 5 5 5 8 4 4 4 4 4 4 4 2 2 2 2 2
    2 2 5 5 5 5 5 5 5 5 5 5 5 5 5 5 5 5 5 5 4 4 4 4 4 4 4 4 4 2 2 2 2 2
    5 5 5 5 5 5 5 5 5 5 5 5 5 5 5 5 5 5 4 4 4 4 4 4 4 4 4 4 10 2 2 2 2 5
    5 5 5 5 5 5 5 5 5 5 5 5 5 5 5 5 4 4 4 4 4 4 4 4 4 4 4 10 10 2 2 2 5
    5 5 5 5 5 5 5 5 5 5 5 5 5 5 5 4 4 4 4 4 4 4 4 4 4 4 10 10 10 10 2 2
    5 5 5 5 5 5 5 5 5 5 5 5 5 5 5 4 4 4 4 4 4 4 4 4 4 4 4 10 10 10 10 10
    10 5 5 5 5 5 5 5 5 5 5 5 5 5 5 4 4 4 4 4 4 4 4 4 4 4 4 10 10 10 10
    10 10 10 5 5 5 5 5 5 5 5 5 5 5 5 5 4 4 4 4 4 4 4 4 4 4 4 4 4 10 10
    10 10 10 10 10 10 5 5 5 5 5 5 5 5 5 5 5 4 4 4 4 4 4 4 4 4 4 4 4 4 4
    10 10 10 10 10 10 10 10 5 5 5 5 5 5 5 5 5 5 4 4 4 4 4 4 4 4 4 4 4 4
    4 4 4 10 10 10 10 10 10 10 10 10 5 5 5 5 5 5 5 5 4 4 4 4 4 4 4 4 4 4
    4 4 4 4 4 10 10 10 10 10 10 10 10 10 10 5 5 5 5 5 5 5 4 4 4 4 4 4 4
    4 4 4 4 4 4 4 4 4 10 10 10 10 10 10 10 10 10 10 5 5 5 5 5 5 4 4 4 4
    4 4 4 4 4 4 4 4 4 4 4 4 4 10 10 10 10 10 10 10 10 10 10 10 5 5 5 5 4
    4 4 4 4 4 4 4 4 4 4 4 4 4 4 4 4 10 10 10 10 10 10 10 10 10 10 10 10
    5 5 5 4 4 4 4 4 4 4 4 4 4 4 4 4 4 4 4 4 4 10 10 10 10 10 10 10 10 10
    10 10 10 5 5 4 4 4 4 4 4 4 4 4 4 4 4 4 4 4 4 4 4 10 10 10 10 10 10
    10 10 10 10 10 10 10 5 4 4 4 4 4 4 4 4 4 4 4 4 4 4 4 4 4 4 4 10 10
    10 10 10 10 10 10 10 10 10 10 10 4 4 4 4 4 4 4 4 4 4 4 4 4 4 4 4 4 4
    4 10 10 10 10 10 10 10 10 10 10 10 10 10 4 4 4 4 4 4 4 4 4 4 4 4 4 4
    4 4 4 4 4 10 10 10 10 10 10 10 10 10 10 10 10 10 4 4 4 4 4 4 4 4 4 4
    4 4 4 4 4 4 4 4 4 10 10 10 10 10 10 10 10 10 10 10 10 10 4 4 4 4 4 4
    4 4 4 4 4 4 4 4 4 4 4 4 4 10 10 10 10 10 10 10 10 10 10 10 10 10 4 4
    4 4 4 4 4 4 4 4 4 4 4 4 4 4 4 4 4 4 10 10 10 10 10 10 10 10 10 10 10
    10 4 4 4 4 4 4 4 4 4 4 4 4 4 4 4 4 4 4 4 4 4 4 10 10 10 10 10 10 10
    10 10 10 4 4 4 4 4 4 4 4 4 4 4 4 4 4 4 4 4 4 4 4 4 4 4 10 10 10 10
    10 10 10 10 10 4 4 4 4 4 4 4 4 4 4 4 4 4 4 4 4 4 4 4 4 4 4 4 10 10
    10 10 10 10 10 10 10 4 4 4 4 4 4 4 4 4 4 4 4 4 4 4 4 4 4 4 4 4 4 4 4
    10 10 10 10 10 10 10 10 0 0 0 7 7 7 7 7 8 8 8 8 8 8 8 8 8 8 8 8 8 8
    8 8 8 8 8 8 8 8 8 8 0 0 0 7 7 7 7 8 8 8 8 8 8 8 8 8 8 8 8 8 8 8 8 8
    8 8 8 8 8 8 8 8 0 0 0 0 0 7 8 8 8 8 8 8 8 8 8 8 8 8 8 8 8 8 8 8 8 8
    8 8 8 8 8 8 0 0 0 0 0 0 2 2 8 8 8 8 8 8 8 8 8 8 8 8 8 8 8 8 8 8 8 8
    8 8 8 8 0 0 0 0 0 0 2 2 2 2 8 8 8 8 8 8 8 8 8 8 8 8 8 8 8 8 8 8 8 8
    8 8 4 4 4 4 4 4 2 2 2 2 2 2 2 8 8 8 8 8 8 8 8 8 8 8 8 8 8 8 8 8 8 8
    4 4 4 4 4 4 4 2 2 2 2 2 2 2 5 5 5 5 5 5 5 5 5 8 5 8 8 8 5 5 8 8 4 4
    4 4 4 4 4 4 2 2 2 2 2 2 2 5 5 5 5 5 5 5 5 5 5 5 5 5 5 5 5 5 4 4 4 4
    4 4 4 4 4 4 2 2 2 2 2 5 5 5 5 5 5 5 5 5 5 5 5 5 5 5 5 5 4 4 4 4 4 4
